bb epochs 50, jt epochs 30
Training batch-size 256, Test batch-size 1
Optimiser bb info: OptBranchyNetAdam(name='adam-brn', lr=0.001, opt_class=<class 'torch.optim.adam.Adam'>, lr_sched_class=None, betas=[0.99, 0.999])
Optimiser jt info: OptBranchyNetAdam(name='adam-brn', lr=0.001, opt_class=<class 'torch.optim.adam.Adam'>, lr_sched_class=None, betas=[0.99, 0.999])
Dataset: mnist
model training exit weights:[1.0, 0.3]
Path to last model:outputs/b_lenet_se/pre_Trn_bb_2026-05-21_070236/pretrn-joint-e30-2026-05-21_070715.pth
Path to best model:outputs/b_lenet_se/pre_Trn_bb_2026-05-21_070236/pretrn-joint-e26-2026-05-21_070702.pth
bb_train_epcs: [1, 2, 3, 4, 5, 6, 7, 8, 9, 10, 11, 12, 13, 14, 15, 16, 17, 18, 19, 20, 21, 22, 23, 24, 25, 26, 27, 28, 29, 30, 31, 32, 33, 34, 35, 36, 37, 38, 39, 40, 41, 42, 43, 44, 45, 46, 47, 48, 49, 50]
bb_train_loss: [0.003925602012164493, 0.0010094302588137475, 0.0005693530181689277, 0.000430943130376689, 0.00034801531895898023, 0.0002897607481958753, 0.0002454000416309523, 0.0002320055481538869, 0.00023849755923237582, 0.0001958429760546772, 0.00018590464961965928, 0.0001661579046539407, 0.00013904254665443572, 0.00013072697979891126, 0.00012586465324121118, 0.00011378357179209535, 0.00011070801770925599, 9.767222948243031e-05, 8.831874971477381e-05, 8.993488259427997e-05, 8.361477810535568e-05, 7.796600407662111e-05, 7.783036775640175e-05, 9.393363769506935e-05, 6.399745788462132e-05, 5.999600925326162e-05, 5.033379350358948e-05, 5.303076018986408e-05, 5.120745784206812e-05, 3.8330167318323456e-05, 4.247489533325882e-05, 5.736844781115804e-05, 4.555604364019106e-05, 3.2412001141917006e-05, 3.0051804195314363e-05, 2.7799040127285994e-05, 2.5997585028339028e-05, 2.1853064246878246e-05, 3.0185361424020405e-05, 3.696307138619264e-05, 3.822226917849363e-05, 2.1159861459252662e-05, 1.8793086864581494e-05, 1.9680403358402168e-05, 2.0204656013987536e-05, 1.6229113725785282e-05, 1.2018646043725799e-05, 7.417780023875909e-06, 1.2174614330634166e-05, 9.559344601361748e-06]
bb_train_accu: [0.6934115975935828, 0.9220630013368984, 0.9551930147058824, 0.966055314171123, 0.9731575868983957, 0.9770847259358288, 0.9808238636363636, 0.9808656417112299, 0.98046875, 0.9842705548128342, 0.9850016711229946, 0.9869861296791443, 0.9889288101604278, 0.989492814171123, 0.9896808155080213, 0.9907670454545454, 0.9903074866310161, 0.9919368315508021, 0.9931483957219251, 0.9922710561497327, 0.9934617312834224, 0.9932946189839572, 0.9934199532085561, 0.991769719251337, 0.9947359625668449, 0.9952372994652406, 0.9963861965240641, 0.9951955213903744, 0.9960310828877005, 0.9971382018716578, 0.996365307486631, 0.9948612967914439, 0.9962817513368984, 0.9976395387700535, 0.9972844251336899, 0.9976395387700535, 0.9978066510695187, 0.9982035427807486, 0.9971382018716578, 0.9968666443850267, 0.9967413101604278, 0.9983497660427807, 0.9985377673796791, 0.9985586564171123, 0.9983079879679144, 0.9985586564171123, 0.9989973262032086, 0.999582219251337, 0.9989555481283422, 0.9991853275401069]
bb_valid_epcs: [0, 1, 2, 3, 4, 5, 6, 7, 8, 9, 10, 11, 12, 13, 14, 15, 16, 17, 18, 19, 20, 21, 22, 23, 24, 25, 26, 27, 28, 29, 30, 31, 32, 33, 34, 35, 36, 37, 38, 39, 40, 41, 42, 43, 44, 45, 46, 47, 48, 49]
bb_valid_loss: [0.0014009959995746613, 0.0006644842417343804, 0.0004592465398752171, 0.0003490673945001934, 0.00030370222647552907, 0.0002714611751877743, 0.00023378030923397645, 0.00026115088764092195, 0.00024297667424315992, 0.00020194531458875409, 0.00022997136187294254, 0.0001913104408785053, 0.0001860348021854525, 0.00018917501944562664, 0.00018670735880732536, 0.00018498647715086523, 0.00019223490001066872, 0.00016738203070733857, 0.00018410327965798586, 0.00017667280348098797, 0.00019806694320362547, 0.0001831479249117167, 0.00018400326371192932, 0.00018384305598295253, 0.00015862515884573045, 0.00018540587600158608, 0.00017025829900218093, 0.00017459601487802422, 0.00020172748633700868, 0.00019147384749806446, 0.00021228736833385798, 0.00022357198126290155, 0.00017574757499539334, 0.0001846307929119338, 0.0002102864015361537, 0.00020112413103165835, 0.000209398344968972, 0.00022624218431503877, 0.00022861094254514447, 0.00030625133734682333, 0.00020941211234616196, 0.00020698931716058564, 0.0002409949817735216, 0.0002167259302476178, 0.00021425484801116198, 0.0002016583052666291, 0.0002170524195484493, 0.0002419959713259469, 0.00024149773399467054, 0.00028378629814023555]
bb_valid_accu: [0.8904551630434783, 0.9460767663043478, 0.9619565217391305, 0.9709578804347826, 0.9769021739130435, 0.9783457880434783, 0.9814028532608695, 0.9774966032608695, 0.9802139945652174, 0.9846297554347826, 0.9814877717391305, 0.9845448369565217, 0.984375, 0.9854789402173914, 0.9856487771739131, 0.9859884510869565, 0.9847146739130435, 0.9874320652173914, 0.9864130434782609, 0.9858186141304348, 0.9856487771739131, 0.9860733695652174, 0.9862432065217391, 0.9858186141304348, 0.98828125, 0.986328125, 0.9884510869565217, 0.9890455163043478, 0.9864979619565217, 0.9872622282608695, 0.9864979619565217, 0.9866677989130435, 0.9885360054347826, 0.9892153532608695, 0.986328125, 0.9881963315217391, 0.9876019021739131, 0.9870923913043478, 0.986328125, 0.9836107336956522, 0.9887058423913043, 0.9887058423913043, 0.9864979619565217, 0.9899796195652174, 0.9885360054347826, 0.9893002717391305, 0.9887058423913043, 0.9883661684782609, 0.98828125, 0.986922554347826]
