bb epochs 50, jt epochs 30
Training batch-size 256, Test batch-size 1
Optimiser bb info: OptBranchyNetAdam(name='adam-brn', lr=0.001, opt_class=<class 'torch.optim.adam.Adam'>, lr_sched_class=None, betas=[0.99, 0.999])
Optimiser jt info: OptBranchyNetAdam(name='adam-brn', lr=0.001, opt_class=<class 'torch.optim.adam.Adam'>, lr_sched_class=None, betas=[0.99, 0.999])
Dataset: cifar10
model training exit weights:[1.0, 1.0, 1.0]
Path to last model:outputs/b_alexnet_cifar/pre_Trn_bb_2026-05-21_070918/pretrn-joint-e30-2026-05-21_073749.pth
Path to best model:outputs/b_alexnet_cifar/pre_Trn_bb_2026-05-21_070918/pretrn-joint-e29-2026-05-21_073727.pth
bb_train_epcs: [1, 2, 3, 4, 5, 6, 7, 8, 9, 10, 11, 12, 13, 14, 15, 16, 17, 18, 19, 20, 21, 22, 23, 24, 25, 26, 27, 28, 29, 30, 31, 32, 33, 34, 35, 36, 37, 38, 39, 40, 41, 42, 43, 44, 45, 46, 47, 48, 49, 50]
bb_train_loss: [0.008280809622448988, 0.007486977978633382, 0.0070349455733473105, 0.006605277912547955, 0.006240194344009535, 0.005797502996686559, 0.0056148425180417225, 0.005330109115069111, 0.0051520642651340515, 0.005068158638329269, 0.004851517903331954, 0.004571018467406527, 0.0045326267628787225, 0.004369892017283023, 0.004281402932694898, 0.004124667265643485, 0.004000475085400141, 0.003920868339124494, 0.0038547704014210748, 0.0037710928038741723, 0.003722162941136421, 0.003642135454962651, 0.0035619958668039776, 0.0035373593429819895, 0.003476450264525528, 0.0034324542353622233, 0.0033485472682887353, 0.0032979705123206936, 0.0033003903988104025, 0.003256633637461047, 0.0031475695984390303, 0.003128394502430008, 0.0031736981652032295, 0.0030267523252405226, 0.0029832309571644054, 0.002933896760133883, 0.0029432736799861184, 0.0029723816610968267, 0.002924888291790222, 0.002832160134298297, 0.002828681286281118, 0.0027956419030371574, 0.0027740687693063267, 0.0027234885850563073, 0.0026885185626526484, 0.0026624300830567684, 0.002652207993938086, 0.002662740858235898, 0.0026641085099142333, 0.0026038417873235466]
bb_train_accu: [0.1725010016025641, 0.24108573717948717, 0.303310296474359, 0.34950921474358976, 0.3928786057692308, 0.44799178685897434, 0.46802383814102566, 0.5051081730769231, 0.5228114983974359, 0.5359324919871795, 0.5564903846153846, 0.5844601362179487, 0.5931991185897436, 0.6055689102564102, 0.6137820512820513, 0.631660657051282, 0.6409505208333334, 0.6524188701923077, 0.6594050480769231, 0.6656149839743589, 0.6700470753205128, 0.6762570112179487, 0.6874499198717948, 0.6892277644230769, 0.6950620993589743, 0.7003455528846154, 0.7063050881410257, 0.7114383012820513, 0.7119140625, 0.7177734375, 0.7217297676282052, 0.7299178685897436, 0.7231820913461539, 0.7367287660256411, 0.7411107772435898, 0.7444160657051282, 0.7453926282051282, 0.7407602163461539, 0.7445162259615384, 0.7549829727564102, 0.7552834535256411, 0.7618189102564102, 0.7618439503205128, 0.7654246794871795, 0.7683293269230769, 0.7708082932692307, 0.7716095753205128, 0.7661007612179487, 0.7735126201923077, 0.7756660657051282]
bb_valid_epcs: [0, 1, 2, 3, 4, 5, 6, 7, 8, 9, 10, 11, 12, 13, 14, 15, 16, 17, 18, 19, 20, 21, 22, 23, 24, 25, 26, 27, 28, 29, 30, 31, 32, 33, 34, 35, 36, 37, 38, 39, 40, 41, 42, 43, 44, 45, 46, 47, 48, 49]
bb_valid_loss: [0.007496208716661503, 0.007137514077700102, 0.006639902408306415, 0.006178182669174977, 0.005739253682967944, 0.005501097975633083, 0.005142704034462953, 0.004905771368589156, 0.00480438463198833, 0.0047194185929420665, 0.004517078781739259, 0.004428068414712563, 0.004243343304365109, 0.004119776762448824, 0.004060152631539565, 0.0039765299894870855, 0.003976648434614524, 0.0038587611455183765, 0.0037997689766761586, 0.0037344457247318365, 0.003783559187864646, 0.0036972317940149554, 0.0034907666536477897, 0.003682796007547623, 0.0035801740028919317, 0.0035494657663198616, 0.0033936810034971973, 0.00340960728816497, 0.0035224148096182407, 0.0033990324307710696, 0.0033251196146011353, 0.003442662266584543, 0.003306362109306531, 0.0032977920312147876, 0.0031813375460795867, 0.003287045237345573, 0.003250069343126737, 0.0031853709847499165, 0.0032269469438455044, 0.003157524153208121, 0.003161895542572706, 0.003117887637554071, 0.0031674506190495612, 0.0030976935074879574, 0.003103139117742196, 0.003085630444379953, 0.003059048301134354, 0.003295645881921817, 0.0031457449763249126, 0.003100434748026041]
bb_valid_accu: [0.24078525641025642, 0.30028044871794873, 0.33703926282051283, 0.394931891025641, 0.4411057692307692, 0.4765625, 0.5177283653846154, 0.5491786858974359, 0.5537860576923077, 0.5632011217948718, 0.5916466346153846, 0.5994591346153846, 0.6155849358974359, 0.6277043269230769, 0.6321113782051282, 0.6384214743589743, 0.6389222756410257, 0.6514423076923077, 0.6557491987179487, 0.6669671474358975, 0.6621594551282052, 0.6737780448717948, 0.686698717948718, 0.6696714743589743, 0.6839943910256411, 0.6854967948717948, 0.7022235576923077, 0.6970152243589743, 0.6927083333333334, 0.700020032051282, 0.7061298076923077, 0.7005208333333334, 0.7058293269230769, 0.7149439102564102, 0.7209535256410257, 0.714042467948718, 0.7159455128205128, 0.7213541666666666, 0.7198517628205128, 0.7348758012820513, 0.7268629807692307, 0.7357772435897436, 0.7279647435897436, 0.7318709935897436, 0.7361778846153846, 0.7310697115384616, 0.7387820512820513, 0.72265625, 0.7320713141025641, 0.7380809294871795]
