bb epochs 50, jt epochs 30
Training batch-size 256, Test batch-size 1
Optimiser bb info: OptBranchyNetAdam(name='adam-brn', lr=0.001, opt_class=<class 'torch.optim.adam.Adam'>, lr_sched_class=None, betas=[0.99, 0.999])
Optimiser jt info: OptBranchyNetAdam(name='adam-brn', lr=0.001, opt_class=<class 'torch.optim.adam.Adam'>, lr_sched_class=None, betas=[0.99, 0.999])
Dataset: cifar10
model training exit weights:[1.0, 1.0]
Path to last model:outputs/resnet8_2ee/pre_Trn_bb_2026-05-21_073907/pretrn-joint-e30-2026-05-21_080655.pth
Path to best model:outputs/resnet8_2ee/pre_Trn_bb_2026-05-21_073907/pretrn-joint-e27-2026-05-21_080552.pth
bb_train_epcs: [1, 2, 3, 4, 5, 6, 7, 8, 9, 10, 11, 12, 13, 14, 15, 16, 17, 18, 19, 20, 21, 22, 23, 24, 25, 26, 27, 28, 29, 30, 31, 32, 33, 34, 35, 36, 37, 38, 39, 40, 41, 42, 43, 44, 45, 46, 47, 48, 49, 50]
bb_train_loss: [0.007478999842603046, 0.006268476550944914, 0.005788648205522735, 0.005482820901446617, 0.005141446934057734, 0.004884045045727339, 0.0046613742776501635, 0.004528544467085829, 0.0043377079986011945, 0.004194055277949724, 0.004092174558303295, 0.003961791650045854, 0.003861918994703163, 0.003786974288045596, 0.003721280360761552, 0.003606040948607887, 0.0035091505388920316, 0.0034724831228884747, 0.003419267679325854, 0.0033790095267483057, 0.0033512272534724804, 0.0032659397260524714, 0.003194776753214403, 0.003157181311577845, 0.0031412622670475873, 0.003103434188792912, 0.0030478158046324286, 0.0030177380212057284, 0.003006710367910086, 0.0029259591336505343, 0.002907488918982637, 0.0028744439373557004, 0.0028381072602664623, 0.002803624485237285, 0.002768419375523734, 0.0027593983223852822, 0.0027345191651525404, 0.0026925582892428604, 0.002646648701137075, 0.0026288983659842648, 0.0025989763343181363, 0.0026051897215298736, 0.0025923894255613098, 0.0025650298443790046, 0.002533401916316973, 0.0025043163197831465, 0.0024758172325957087, 0.002450493922552619, 0.0024596843458055398, 0.0024444993080881736]
bb_train_accu: [0.29609875801282054, 0.4050480769230769, 0.45763221153846156, 0.4872295673076923, 0.5202323717948718, 0.5477263621794872, 0.5698617788461539, 0.5848357371794872, 0.6010116185897436, 0.6167117387820513, 0.6273788060897436, 0.6400741185897436, 0.648262219551282, 0.657051282051282, 0.6638371394230769, 0.6732271634615384, 0.6814403044871795, 0.6841947115384616, 0.6899288862179487, 0.6938852163461539, 0.6989683493589743, 0.7082582131410257, 0.7124148637820513, 0.7147936698717948, 0.716621594551282, 0.720703125, 0.7255859375, 0.7293669871794872, 0.728690905448718, 0.7359024439102564, 0.7398337339743589, 0.7414613381410257, 0.7447165464743589, 0.7485727163461539, 0.7488731971153846, 0.7509264823717948, 0.7524789663461539, 0.7587640224358975, 0.7631209935897436, 0.7652243589743589, 0.7653996394230769, 0.7659505208333334, 0.7660506810897436, 0.7689052483974359, 0.7727363782051282, 0.7736879006410257, 0.7768679887820513, 0.7789713541666666, 0.7777694310897436, 0.780448717948718]
bb_valid_epcs: [0, 1, 2, 3, 4, 5, 6, 7, 8, 9, 10, 11, 12, 13, 14, 15, 16, 17, 18, 19, 20, 21, 22, 23, 24, 25, 26, 27, 28, 29, 30, 31, 32, 33, 34, 35, 36, 37, 38, 39, 40, 41, 42, 43, 44, 45, 46, 47, 48, 49]
bb_valid_loss: [0.006622172318972074, 0.0060837123638544325, 0.005660231296832745, 0.005369950563479693, 0.005139533907939226, 0.004848494743689513, 0.004729043214749067, 0.004616548617680867, 0.004364157334352151, 0.004519336498700655, 0.00421638595752227, 0.00415210043772673, 0.004015022745499244, 0.003906032213797936, 0.0038677859000670603, 0.00369435510574243, 0.0037802022237044116, 0.0036375018266531136, 0.0036548941563337278, 0.003573092894676404, 0.0035742823130045184, 0.003495529294013977, 0.0034065357385537564, 0.0033862544940068172, 0.003445325371546623, 0.003439050454359788, 0.003408975708178985, 0.0034683235944845737, 0.0032758789184765937, 0.0032269587883582483, 0.003217767446469038, 0.0032517107633443978, 0.0031659058653391325, 0.003170007505478003, 0.0030859970511534275, 0.003114148783378112, 0.0030292457877061306, 0.002955780579493596, 0.003019241568369743, 0.0029734548849937245, 0.0029984055421291254, 0.003028319241144718, 0.002984577455581763, 0.0029823375053894827, 0.0028976469467847776, 0.002906585924136333, 0.0028540031650127508, 0.0028627745998211396, 0.0029110138614972434, 0.0027877441965616667]
bb_valid_accu: [0.3703926282051282, 0.4321915064102564, 0.47676282051282054, 0.5030048076923077, 0.5264423076923077, 0.5509815705128205, 0.5590945512820513, 0.5766225961538461, 0.5977564102564102, 0.5935496794871795, 0.6089743589743589, 0.6192908653846154, 0.6345152243589743, 0.6443309294871795, 0.6485376602564102, 0.6711738782051282, 0.6567508012820513, 0.66796875, 0.6709735576923077, 0.6791866987179487, 0.6786858974358975, 0.6838942307692307, 0.6985176282051282, 0.696113782051282, 0.6898036858974359, 0.6910056089743589, 0.6925080128205128, 0.6947115384615384, 0.7056290064102564, 0.7127403846153846, 0.7103365384615384, 0.7131410256410257, 0.7138421474358975, 0.719551282051282, 0.7186498397435898, 0.7217548076923077, 0.7276642628205128, 0.7346754807692307, 0.7272636217948718, 0.7321714743589743, 0.731270032051282, 0.7298677884615384, 0.7332732371794872, 0.7313701923076923, 0.7381810897435898, 0.7348758012820513, 0.7472956730769231, 0.7415865384615384, 0.7378806089743589, 0.7484975961538461]
